285 337 
757 577 
878 630 
1072 495 
758.6566746643082 777.257539751315
1442.7906367830728 517.0140379273712 
1100.4285714285713 643.0000000000001 
1119.4761904761904 710.6190476190477 
1091.857142857143 785.8571428571429 
1038.9140500912697 818.971333098176 
1201.2786700037266 833.4669444769312 
1350.5539725591013 956.9680940731047 
1279.0020758049743 1074.447250391457 
1207.1388567654735 1151.5848341311043 
1230.214202328616 1273.5545178220002 
1527.6032202759525 1344.4230258352375 
1145.7364229325265 1426.3528231648024 
1130.904907497138 1335.0219123258319 
1094.9970280219873 1246.813425789048 
1048.9412695647286 1300.6752450017743 
999.7630868052828 1252.2776683178754 
963.8552073301319 1190.6097883496816 
906.5079426122596 1186.8089064625308 
1029.7884235183094 1127.9361870094376 
1084.1324722442416 1366.4461786399177 
1017.71196824588 1066.5475393745885 
1005.1323273370995 931.6937888324604 
777.1892340699952 954.8403281046168 
900.9729006123962 1031.3245448300027 
906.0047569759084 1117.369288646062 
721.8388140713606 1154.6050257360525 
794.800731342288 1229.0764999160335 
749.7078515174322 1432.8786850611034 
579.1226564860607 1128.7584731047216 
747.3258289874337 1351.062146539618 
660.7637562792227 949.5122749415142 
671.5737094279974 1039.2322471599143 
641.7796048685404 998.202280181392 
344.83866565935807 1409.3412117829519 
197.9375019713052 1398.136885738948 
491.9251103722551 904.6667075897461 
389.465840243668 801.4761559542445 
350.1671985630066 857.149231668515
