196.03803550494962 266.9330579010676
222.49397589995297 250.57847656597465
235.48143754840916 266.4520408029767
235.48143754840916 244.806271388883
254.72212147204797 273.18628017625025
248.94991629495632 296.7561179827078
273.96280539568676 277.034416960978
298.9756944964172 293.388998296071
333.1279084608761 295.79408378652585
335.5329939513309 285.2117076285245
349.96350689406 293.87001539416195
366.318088229153 298.6801863750716
350.92554109024195 309.743579631164
361.02690015015236 332.8324003395305
372.09029340624465 341.00969100707704
359.10283175778846 366.02258010780747
330.59815946264763 381.90650515499385
325.37977167681106 374.60076225482265
300.33151030479553 385.3854303455516
276.67481900900304 382.6022901931054
271.4564312231665 390.60381813138815
248.84341748454133 388.16857049799773
226.92618878402772 363.8160941640937
191.82899578972717 343.5423240923173
214.1448798825673 338.6154405913006
215.59396326521923 311.37267299744383
193.27807917237914 298.3309225535763
235.59131394581624 291.3753223168469
226.31718029684373 280.07247193216165
204.87074623359476 278.0437551964489
675.2345442086832 546.1572898074178
674.122319602749 575.0751295617059
704.1523839629713 581.7484771973109
671.8978703908807 588.4218248329158
689.6934640858273 616.2274399812698
668.5611965730783 661.8286488245703
690.0914557087539 654.6056323459901
680.2917660868656 669.7134871797347
684.3749700959856 694.2127112344555
699.0745045288181 695.8459928381035
699.0745045288181 707.2789640636399
721.123806178067 708.0956048654639
745.6230302327878 695.4376724371915
765.6307298774764 667.6718851751746
778.6969827066608 665.6302831706145
784.0051479185171 644.8059427241018
793.3965171394933 663.1803607651424
808.9126923741499 673.3883707879428
810.4989651941652 661.9141157560639
802.808388433607 649.7710998183405
807.6655948086964 633.175644703452
821.4276795381161 629.1279727242108
817.2806225741065 585.4040167809076
826.4749206598622 581.5730592451761
826.4749206598622 565.4830375951036
811.151090516936 556.671835262921
817.706166610624 539.1322047502977
810.834074086961 480.2714874075542
826.0785790245187 459.52260437093554
844.5694994566884 462.80987911443236
843.336771427877 443.49713999638857
833.8858565403236 439.79895590995466
848.9147408964084 373.30120690214653
863.0712525184313 368.8772970202644
860.3910268755295 350.77489557022466
876.5038356423889 329.449119261146
876.9777417825907 298.64522014803237
902.3005509456897 264.7462015007124
927.9580095855708 272.0769039692499
925.2089961598692 243.6704319036672
936.5826825093948 242.92610791793095
943.1041470458171 226.04702323542622
965.353849581846 249.44757245435324
999.8792500687875 251.74926582014933
1007.5515612881078 231.03402552798445
1011.771332458734 183.84931152916442
1049.3604820513406 188.2126690136787
1053.957964851882 215.7975658169283
1075.221322804387 177.29364736239236
1042.1769151754943 170.1100804865461
1068.8997839536423 150.8581212592781
1034.0313875872835 135.1968856057934
1027.938120678373 163.29361635243592
1003.9035678710043 144.33678596915902
987.3163412856369 183.94302087707683
987.3163412856369 131.8117373230654
958.6401162233308 190.4918195297036
914.209871021944 203.0481931735738
891.9947484212505 201.11644338220916
905.0340595129619 222.8486285350614
873.1601879554453 232.02444004404347
888.1312488385213 251.34193795768994
853.6654540411386 301.54718514471494
860.0817620095955 313.95204721706506
835.6997917294591 331.06220179961696
836.2852151066284 351.67292303164925
820.506138488029 356.7629477473265
807.2720742272681 385.77608862668666
816.4341187154872 388.32110098452523
807.7810766988359 402.0641677168537
817.4521236586227 413.26222209134363
795.6304464079531 425.3254265451512
796.3186247685924 447.34713408560674
787.7163952606019 439.4330829382555
771.8882929658994 461.1107012983915
762.9419742775893 472.80973342925853
770.8560254249405 476.93880359309395
754.6838339499185 482.10014129788823
748.1461395238457 472.80973342925853
740.9202667371337 480.7237845766098
749.1784070648046 497.5841544122711
728.5330562456274 498.9605111335496
715.8301867777981 513.1291805038824
726.8049253096658 517.2447074533328
705.1298167092272 519.4396551597064
694.1550781773594 527.3963405953104
688.3933404481289 536.1761314208046
679.0648126960414 535.9017629575079
802.0582987680432 696.4824633673533
811.739234001438 694.9538946462909
812.7582798154797 703.1062611586234
804.6059133031471 705.1443527867066
830.8728609325578 760.7702356206083
837.927682665265 763.121842864844
831.8135038302521 776.290843432564
843.5715400514307 796.9849871818382
844.0418615002778 811.5649520960995
874.1424342264949 805.4507732610867
870.850184084565 783.8159866141182
880.7269345103549 776.290843432564
904.243006952712 783.8159866141182
914.4569840088894 757.5827651006011
915.5178036015368 774.5558785829587
928.247638713305 728.9406360991227
923.2971472809508 724.3437511976509
916.2250166633017 745.2065365197154
911.6281317618299 704.8953919991162
920.8228290348318 685.8412302331662
911.2858542646172 680.5794510495997
931.0175262029921 658.8746119173873
934.6349993916941 669.7270314834934
951.0780593403399 648.6799147492269
946.546995518191 641.8118550822732
955.6042382302696 624.0747547711192
941.2636039361452 599.5447224259062
912.5823353478961 591.9970201658407
915.224031138919 520.6712338082215
934.8480570150895 481.800567168884
968.0579469593778 455.76099437165794
972.5865683154171 438.7786642865105
979.3795003494761 432.3631173654548
969.1901022983876 414.2486319412975
970.3222576373975 401.0401529861828
981.6438110274958 384.43520801403866
980.8890408014892 365.1885672508716
1009.1929242767349 363.6790267988585
1000.1356815646562 345.9419264877045
999.758296451653 322.54404948150136
987.6819728355481 311.9772663174096
993.7201346436005 301.78786826632114
984.6628919315219 299.52355758830146
980.5116556884859 273.10659967807214
959.0007042472992 262.5398165139804
1030.3194531028503 374.5613244686041
1040.4208121627605 393.24883872943826
1027.7941133378727 403.85526574234416
1012.1370067950115 444.7657699349811
998.601468017918 459.51296970487454
1003.0876054774071 468.4852446238528
996.9701453053765 475.4183661521542
987.7939550473305 477.04968886469567 
979.6373414846231 502.1312755700213
987.5900397082629 517.0170953219624
986.5704630129245 527.0089469362791
996.3583992881735 544.5456660961003
996.3583992881735 585.7365645877732
1008.5933196322347 585.3287339096378
1022.4595626888374 593.2814321332776
1021.8478166716344 606.3320138336096
1035.1023137110342 600.6223843397144
1036.9375517626434 607.963336546151
1063.854376519578 598.9910616271728
1079.7597729668576 588.1835486565853
1085.0615717826176 574.1133902609149
1098.3160688220173 574.3173055999827
1122.7859095101396 563.5097926293952
1130.7386077337796 542.3025973663557
1149.2949035889392 520.8914867642485
1168.259030122234 466.24217589410824
1168.6668608003695 447.68588003894865
1156.4319404563082 434.6352983386167
1132.7777611244564 424.23561604616464
1139.3030519746223 405.27148951286966
1122.1741634929367 397.72662196736525
1123.1937401882751 384.6760402670332
1112.5901425567554 383.4525482326271
1104.433528994048 351.84567067713556
1111.570565861417 342.2616497409542
1079.55585762779 304.12948133529665
1088.5281325467681 267.8325509812483
1074.6618894901655 253.15064656837478
1061.203477111698 252.5389005511717
1055.0860169396674 226.4377371505077
1047.7450647332307 225.41816045516927
785.320604018488 720.6457104784738 
770.0968093111137 728.2576078321609 
759.5247296532149 744.7500520984831 
742.1865190142609 745.595818471115 
733.7288552879418 759.1280804332255 
737.1119207784694 768.8543937184924 
729.0771402384663 775.1976415132316 
738.5073567120845 799.0249002177061 
730.2669972280249 809.5126304701455 
742.6275364541142 815.8801809805551 
741.5038510699243 833.4845853328641 
772.9163828900274 840.6015076323649 
763.5275143825817 809.5416389792986 
771.8802902589887 811.2697995054518 
779.0809591179603 828.5514047669836 
791.4661095553914 827.975351258266 
790.8900560466737 814.4380938033993 
785.4175477138554 807.2374249444277 
797.5146713969276 804.9332109095568 
801.8350727123105 822.5028429254475 
812.4920626235886 823.3669231885241 
811.0519288517942 834.8879933628787 
796.650591133851 836.9041806433906 
817.1004906933304 846.1210367828744 
829.4856411307616 815.5902008208348 
829.5383534402619 787.4892878456709 
807.6131600853458 790.7241524390191 
777.4210905474287 797.9127404242375 
778.4993787452114 783.5355644538008 
792.8765547156482 779.2224116626697 
793.954842913431 767.7206708863204 
780.296525741516 762.3292298974065 
1557.338443250084 1094.9239903982573 
1637.7922932322883 1116.865949484313 
1898.17020772015 1064.2052476777792 
1700.6925759456483 767.2574013798247 
2004.9544086056212 571.2425668777267 
1930.3517477130317 470.30955508187026 
1753.353277752182 -20.17275153998506 
1494.4381605367241 2.2144279126809927 
1447.628647819805 43.17275153998506 
1421.2982969165382 79.74268335007797 
1405.2075269200973 51.94953517440735 
1399.3563378304825 89.98226425690399 
1359.860811475582 139.71737151863033 
1358.3980142031785 183.60128969074185 
1337.9188523895264 199.69205968718273 
1310.1257042138557 185.06408696314554 
1327.6792714827004 160.19653333228237 
1304.274515124241 138.25457424622664 
1261.853394224533 148.49415515305265 
1286.7209478553964 157.27093878747493 
1296.9605287622223 204.08045150439386 
1326.2164742102966 245.03877513169792 
1285.2581505829926 243.57597785929423 
1267.704583314148 288.9226933038094 
1295.4977314898185 324.0298278414986 
1235.5230433212662 324.0298278414986 
1223.8206651420364 344.50898965515063 
1269.1673805865516 364.9881514688027 
1230.4388194507894 374.5089411364619 
1205.8581552594896 367.3898931318 
1184.140484857019 332.55113019450306 
1185.9502907238914 314.00062005905926 
1175.9963584560924 302.23688192438755 
1162.8752659212662 303.594236324542 
1151.5639792533127 293.1878525900247 
1124.8693427169424 277.8045027216079 
1190.0223539243548 288.6633379228433 
1232.100340329142 286.85353205597073 
1262.4145885992575 260.1588955196004 
1264.22439446613 221.70052084855828 
1250.6508504645858 202.6975592463963 
1199.5238347254358 195.0058843121879 
1161.0654600543937 178.26518004361665 
1120.797279516479 184.14704911095248 
1095.0075459135448 178.7176315103348 
1105.8663811147803 166.04899044222682 
1085.958516579182 167.40634484238123 
1151.679890452792 568.9540056981133 
1180.5796227230505 568.9540056981133 
1177.911955128873 578.2908422777352 
1153.4583355155771 582.2923436690018 
1137.452329950511 592.9630140457126 
1136.5631074191185 603.6336844224235 
1146.3445552644366 605.4121294852085 
1133.8954398249407 632.0888054269856 
1140.564608810385 652.9855349147109 
1151.679890452792 665.8792616199031 
1142.7876651388665 672.9930418710437 
1141.8984426074737 680.5514333878805 
1158.3490594382363 687.6652136390211 
1157.90444817254 703.226607938391 
1167.241284752162 705.0050530011762 
1174.7996762689988 730.3478951458643 
1205.0332423363461 730.3478951458643 
1207.700909930524 740.5739542568789 
1229.0422506839454 728.5694500830792 
1241.9359773891376 734.7940078028272 
1267.9179386750575 786.0341154480013 
1281.8894396352512 787.2668949444891 
1279.0129541434467 801.6493224035121 
1301.202985080225 797.5400574152198 
1305.7231765673466 819.7300883519983 
1279.834807141105 827.1267653309245 
1299.9702055837374 863.2882972278969 
1318.872824529882 857.9462527431169 
1319.2837510287113 845.2075312794108 
1350.5141649397328 837.3999278016553 
1371.4714163800238 875.6160921927739 
1400.2362712980698 868.6303417126769 
1421.1935227383608 891.642225647114 
1445.8491126681147 893.2859316424308 
1466.3954376095762 876.4379451904323 
1485.298056555721 886.7111076611632 
1544.8823988859594 881.3690631763831 
1553.9227818602023 899.4498291248693 
1545.2933253847887 909.7229915956001 
1549.8135168719102 925.7491250499401 
1563.3740913332747 936.022287520671 
1565.0177973285918 956.9795389609617 
1542.8277663918132 961.4997304480833 
1532.9655304199116 978.758643398911 
1540.3622073988379 998.0721888438849 
1568.3052093192255 984.9225408813494 
1555.9774143543486 1011.2218368064202 
1533.78738341757 1019.0294402841756 
1537.074795408204 1028.480749757248 
1561.3194588391286 1031.7681617478818 
1544.4714723871302 1069.5733996401711 
1525.9797799398148 1079.846562110902 
1118.7325129581757 609.0750056532602 
1090.060207208846 607.880326247038 
1089.2637542713644 616.2430820905927 
1058.9985426470716 620.6235732467403 
1049.441107397295 632.9685937777018 
1061.387901459516 652.4816907459958 
1041.0783515537405 659.6497671833283 
1040.6801250849996 641.7295760899971 
1024.751066335372 648.4994260585888 
1031.1226898352231 658.4550877771062 
1023.9546133978906 669.6054289018457 
1028.3351045540383 692.3043376200652 
1036.6978603975929 677.9681847454002 
1055.0162779596646 664.030258339476 
1072.1400161155145 672.7912406517712 
1075.724054334181 663.2338054019946 
1083.6885837089947 665.6231642144387 
1079.308092552847 683.54335530777 
1098.4229630524003 671.9947877142898 
1122.316551176842 686.3309405889548 
1133.8651187703222 686.7291670576955
1086.4745512920488 709.3158058669881 
1073.4693422239754 724.1789019447863 
1057.6773026413148 718.1407691631807 
1058.1417743937461 707.9223906096945 
1041.8852630586543 699.0974273135018 
1024.6998082187001 705.6000318475385 
1022.3774494565441 728.8236194690982 
1014.945901417645 740.4354132798779 
1021.912977704113 765.0524161587313 
1040.0273760489295 751.1182635857954 
1063.7154354229203 746.0090743090523 
1093.9060993309479 748.7959048236395 
1101.802119122278 738.113054517722 
1111.5560259233332 747.866961318777 
1123.6322914865443 742.7577720420339 
1138.4953875643425 758.0853398722634 
1151.0361248799848 759.0142833771257 
1166.8281644626452 749.2603765760706
1030.1692303507689 796.2246192093186 
1154.818863569716 780.4950226364514 
1136.4182034278715 792.3664162763512 
1143.8378244528087 819.0770519661255 
1131.0760762899165 821.4513306941055 
1117.7207584450293 829.7613062420353 
1092.4940469602425 847.2716118608874 
1091.010122755255 834.8066485389927 
1076.467665546378 826.1998881500654 
1066.376980952463 829.4645214010378 
1070.531968726428 811.0638612591932 
1062.2219931784982 802.1603160292684 
1047.085966287626 804.5345947572483 
1039.5866533206795 837.4146068049107 
1001.0619057395608 837.0578961791597 
1009.9796713833383 827.7834199096311 
1005.699143874325 820.2924967688581 
1013.1900670150982 811.3747311250805 
1029.9554664253997 813.1582842538361
1112.107118695375 887.4287475670212 
1098.2809558048796 901.7669905645722 
1096.232635376658 916.1052335621231 
1108.5225579459873 913.5448330268462 
1109.0346380530427 934.5401174161171 
1129.5178423352584 930.9555566667294 
1129.005762228203 918.6656340974 
1141.2956847975322 919.6897943115108 
1156.658088009194 909.448192170403 
1196.6003363595146 908.4240319562923 
1214.5231401064532 915.5931534550677 
1239.102985245112 909.448192170403 
1245.760026636832 901.2549104575168 
1269.3157115613799 900.230750243406 
1284.6781147730417 908.4240319562923 
1279.5573137024878 886.4045873529104 
1285.1901948800971 872.0663443553595
1129.2888990245099 962.1540130893644 
1132.3165586784185 983.9531625975064 
1103.2510260008958 1019.6795465136279 
1114.7561326857485 1039.6621002294248 
1104.4620898624594 1045.717419537242 
1096.590174762297 1068.1221009761655 
1122.022515855129 1080.8382715225816 
1136.5552821938904 1074.1774202839829 
1171.6761341792303 1071.7552925608559 
1180.1535812101745 1083.8659311764904 
1187.419964379555 1064.4889093914753 
1209.219113887697 1062.6723135991301 
1219.5131567109863 1050.5616749834958 
1220.7242205725497 1039.056568298643 
1238.8901784960012 1034.817844783171 
1264.3225195888335 1043.9008237448968 
1288.5437968201024 1043.295291814115 
1294.5991161279196 1066.911037114602 
1320.031457220752 1085.0769950380538 
1327.9033723209143 1099.0042294460334 
1299.4433715741734 1102.6374210307238 
1304.893158951209 1120.1978470233935 
1284.3050733046305 1145.6301881162258 
1302.471031228082 1152.8965712856066 
1315.1872017744981 1143.208060393099 
1331.5365639056047 1142.6025284623172 
1331.5365639056047 1121.408910884957 
1351.5191176214014 1079.6272076610182 
1383.0067780220509 1071.7552925608559 
1374.5293309911067 1087.4991227611806 
1400.0038215971879 1092.2463520622634 
1425.2537114372703 1080.8591468402656 
1438.6213001761378 1090.7610644246115 
1418.8174650074454 1099.6727902505231 
1410.8959309399686 1121.952104815302 
1438.1262042969204 1122.4472006945193 
1444.0673548475281 1144.2314193800808 
1464.861381774655 1147.2019946553846 
1473.7731076005664 1125.417775969823 
1488.6259839770858 1121.952104815302 
1494.072038648476 1104.623749042696 
1522.2925037638624 1096.7022149752192 
1480.7044499096087 1095.7120232167847 
1474.7632993590012 1084.3248179947866 
1442.0869713306588 1077.3934756857443 
1465.8515735330895 1069.4719416182675 
1483.6750251849126 1041.251476502881 
1509.4200109042126 1025.408408367927
1236.8324811052862 1071.3990975145177 
1267.6579112696459 1088.5902027984878 
1278.3282524803858 1109.9308852199676 
1274.7714720768058 1125.3436003021475
1330.2813993117159 1164.6921503064455 
1309.0378527982111 1177.5007592337056 
1315.9107649055215 1211.5529146744707 
1298.4160795414587 1214.0521554407653 
1269.6748107290698 1205.6172178545207 
1234.0606298093708 1234.9832968584833 
1200.1643719170825 1238.8610824585833 
1189.517263321829 1244.539540376052 
1156.8661302963849 1247.378769334786 
1154.5519357401668 1231.652843329852 
1139.2150781488908 1233.717420313293 
1137.7403803035759 1213.3665900479461 
1124.4680996957409 1212.7767109098202 
1121.518704005111 1220.4451397054581 
1102.052692446953 1213.9564691860721 
1101.167873739764 1197.4398533185442 
1083.3101380801816 1193.8967378793398 
1070.2069002090466 1168.158234918182 
1076.7585191446142 1156.926888171495 
1086.5859475479654 1159.7347248581666 
1107.6447226980035 1092.8146171591561 
1117.0041783202428 1092.8146171591561
1316.7119689756287 1226.84559013994 
1300.0327883458247 1234.721869881792 
1304.6658940763257 1260.2039513995483 
1294.009750896173 1272.2500262988513 
1317.1752795486789 1286.1493434903548 
1302.8126517841254 1294.488933805257 
1290.7665768848224 1288.4658963556053 
1273.160775108918 1303.291834693209 
1261.114700209615 1310.7048038620107 
1262.5046319287653 1326.4573633457148 
1243.5088984337106 1334.796953660617 
1210.6138477471522 1327.383984491815 
1172.622380757043 1344.9897862677194 
1171.2324490378926 1321.3609470421636 
1158.2597529924894 1318.581083603863 
1147.6036098123368 1309.3148721428606 
1145.7503675201363 1286.1493434903548 
1159.6496847116398 1283.8327906251043 
1160.1129952846898 1268.0802311414002 
1140.653951216585 1262.5205042647988
1333.8267409451605 1306.22254919426 
1357.0422614460629 1308.9537869002486 
1392.5483516239135 1300.077264355786 
1428.0544418017641 1300.077264355786 
1436.9309643462268 1276.1789344283864 
1451.2699623026665 1273.447696722398 
1456.0496282881463 1255.6946516334726 
1518.185286099385 1233.1619405590673 
1529.7930463498362 1221.5541803086162 
1538.669568894299 1235.2103688385587 
1559.1538516892126 1231.1135122795758 
1572.810040219155 1242.7212725300271 
1608.998939823503 1242.7212725300271 
1749.6576816819113 1158.7357130708804 
1829.5463845820752 1195.6074221017252 
1870.514950171903 1289.835122958329 
1655.4299808253077 1416.1548668602977 
1641.090982868868 1455.757813597131 
1624.0207472064399 1444.15005334668 
1624.0207472064399 1416.1548668602977 
1603.536464411526 1435.2735308022172 
1581.6865627636178 1433.907911949223 
1555.739804556727 1472.145239833062 
1518.8680955258822 1484.4358095100104 
1475.851101656563 1463.9515267150966 
1454.001200008655 1472.145239833062 
1454.6840094351521 1494.6779509074674 
1429.4200606547583 1509.6997582904041 
1389.1343044914277 1489.8982849219874 
1372.0640688289996 1501.5060451724387 
1365.9187839905253 1485.8014283630048 
1344.0688823426174 1489.8982849219874 
1333.8267409451603 1468.0483832740795 
1335.8751692246517 1450.295338185154 
1302.4175073262925 1448.2469099056627 
1300.369079046801 1428.445436537246 
1312.6596487237493 1390.2081086534067 
1286.0300810903614 1398.4018217713724 
1277.836367972396 1363.5785410200187 
1354.3110237400742 1345.8254959310934 
1372.7468782554968 1326.0240225626767 
1318.8049335622236 1328.7552602686653 
1296.9550319143154 1348.556733637082 
1277.1535585458987 1343.777067651602 
1281.9332245313788 1319.1959282977054
1234.084263482058 1354.042652937482 
1199.929923978641 1362.5812378133362 
1228.7476479346492 1387.1296693314173 
1189.256692883823 1388.73065399564 
1170.5785384678918 1378.591084455563 
1167.3765691394465 1399.9375466451988 
1197.7952777596774 1427.1542859369843 
1180.7181080079688 1430.8899168201706 
1195.126969985973 1449.0344096813608 
1203.665554861827 1439.9621632507658 
1231.9496172630945 1445.8324403529155 
1247.4258023505804 1463.4432716593649 
1247.819665943918 1474.122659481381 
1225.2352990474049 1458.3730351982865 
1218.1033937116638 1463.4248014777695 
1235.0416688840487 1476.797123982284 
1232.3672043831457 1488.0893074305404 
1218.1033937116638 1478.2829375938966 
1203.8395830401817 1483.0375411510572 
1217.8062309893412 1498.787165434152 
1209.7828374866326 1506.8105589368606 
1195.816189537473 1499.381490878797 
1217.2119055446963 1541.5785974485977 
1199.3821422053436 1529.3949258333737 
1191.9530741472802 1532.6637157789216 
1190.76442325799 1545.4417128387909 
1176.2034498641856 1524.640322276213 
1172.9346599186376 1536.229668446792 
1164.3169409712839 1533.8523666682117 
1158.0765238025106 1523.1545086646004 
1161.048151025736 1513.050976105634 
1140.2467604631581 1496.112700933249 
1144.7042012979962 1482.4432157064123 
1163.7226155266387 1475.3113103706712 
1191.6559114249576 1479.7687512055093 
1202.353769428569 1472.6368458697684 
1180.0665652543785 1464.6134523670598 
1162.8311273596712 1467.8822423126078 
1140.2467604631581 1475.3113103706712 
1122.7141598461283 1457.4815470313188 
1133.4120178497396 1452.7269434741581 
1128.0630888479338 1446.7836890277074 
1116.7709053996773 1448.863828083965 
1094.620881681637 1429.0322861000534 
1104.2872920268262 1408.625419815765 
1112.8796567781055 1402.1811462523056 
1117.175839153745 1376.4040519984676 
1138.1197282349883 1369.9597784350083 
1141.8788878136731 1356.5342085111342 
1163.3597996918713 1355.4601629172244 
1101.033846442493 1364.4248423330996 
1096.0207430941514 1337.8553945868894 
1111.5613634740105 1320.8108432025278 
1131.6137768673766 1311.787257175513
1079.3645564622295 1312.9121630361792 
1079.0571867620358 1291.0889143224272 
1046.7833682416983 1278.1793869142923 
1055.6970895473153 1267.4214474075131 
1056.3118289477027 1249.594004796279 
1040.3286045376308 1243.4466107924052 
1046.4759985415046 1227.4633863823335 
1045.5538894409235 1219.4717741772974 
1036.6401681353066 1219.1644044771037 
1024.0380104273652 1181.050561653086 
1038.4843863364688 1176.4400161501808 
1044.939150040536 1166.9115554441764 
1064.827325587963 1309.5717076943429 
1061.68798808741 1339.1711755567012 
1050.027591656784 1329.7531630550418 
1032.0885202250518 1320.7836273391756 
1031.6400434392583 1307.7778005511695 
1026.706798795532 1292.9780666199906 
1005.0494294404075 1299.833544592738 
993.7705407797691 1284.0431004678442 
958.4300229764355 1259.981471325149 
954.6703934228893 1243.8150642449007 
941.1357270301232 1235.1679162717444 
939.6318752087049 1215.993805548659 
950.5348009139885 1214.4899537272408 
953.9184675121801 1223.137101700397 
959.5579118424993 1223.5130646557514 
964.0694673067546 1216.7457314593685 
977.9800966548754 1213.3620648611768 
990.3868741815776 1215.24187963795 
1003.5455776189891 1213.3620648611768 
1023.4716142527836 1214.8659166825953 
1027.983169717039 1222.3851757896875 
1016.1961259240238 1313.8435197213914
1013.1891677597552 1187.4155961147637 
995.9345064795849 1188.1498370203028 
987.8578565186542 1180.8074279649113 
979.414086104954 1182.643030228759 
958.1210998443185 1161.7171644208931 
939.3979567530699 1174.199259815059 
939.3979567530699 1190.7196801896898 
924.7131386422868 1196.5936074340032 
930.2199454338305 1208.7085823753991 
916.6364886813561 1211.2784255447862 
908.1927182676558 1202.4675346783163 
901.0715665380443 1209.057664513593 
878.0590709324555 1211.6673289637113 
882.5666731644781 1232.0701601191818 
888.9722131784048 1237.7639734648944 
899.6481132016162 1217.8356267549 
915.3060999023261 1223.2921978778747 
916.2550687932783 1241.797091251441 
927.6426954847037 1255.0826557247706 
921.7116399162529 1264.5723446342918 
948.9944955311264 1278.0951513303596 
952.5531288721968 1287.1103557944048 
967.2621466819546 1284.5006913442865 
980.4619379686663 1292.3938913253253 
879.9781944022674 1199.4399466490693 
873.9874557255628 1191.0529125016828 
870.1533829724718 1181.4677306189556 
879.498935308131 1169.7258828126146 
900.5863354501311 1171.8825487362283 
914.4848491800857 1161.3388486652284 
929.341881098313 1159.661441835751 
948.0329857696313 1149.8366304059555 
956.0953660568065 1124.916176125621 
955.0239727808055 1112.3273051326098 
967.0771471358162 1112.8630017706105 
967.0771471358162 1099.7384341395987 
983.1480462758304 1110.7202152186085 
1013.9506029608577 1105.3632488386038 
1011.2721197708554 1095.1850127165947 
1037.5212550328786 1084.203231637585 
1042.8782214128835 1089.0245013795893 
1053.860002491893 1077.2391753435788 
1054.1278508108933 1069.471574092572 
1079.573441115916 1064.1146077125672
1068.9639358399004 1349.938959342576 
1061.2354911324235 1360.9795946389718 
1069.2399517223105 1373.952341112237 
1065.375729368572 1389.685246409601 
1070.6200311343598 1406.7982311190146 
1086.9049681965437 1412.3185487672126 
1094.7823963512494 1322.129984296674
958.687165548977 1088.6336876297175 
959.2511038339422 1074.2532613631017 
976.7331906678672 1066.64009451607 
990.267709507035 1057.6170819566248 
990.5496786495177 1045.774377972353 
1006.4979975066015 1037.1940575595197 
1013.4206709448746 1039.5016153722775 
1021.8817162583194 1030.014988808718 
1032.3939240719935 1037.706848184577 
1040.3452084354135 1046.0887453013318 
1045.6163629102186 1034.306164710591 
1058.9492830523725 1038.0269796339828 
1065.4607091683083 1031.515553518047 
1085.3050554263978 1030.895417697482 
1090.2661419909202 1037.0967759031348
998.2007791549732 1022.070813745671 
979.3990362452091 1021.7289638745845 
974.2712881789098 1009.7642183865527 
952.0510465582794 1005.3201700624265 
954.4439956558857 1013.5245669685055 
947.6069982341533 1020.0197145191513 
935.9841026172081 1007.7131191600329 
939.744451199161 1002.243521222647 
919.917158676137 994.0391243165681 
901.4572656374594 984.4673279261426 
889.4925201494276 954.0426893994334 
892.5691689892072 940.0268446848819 
887.4414209229079 921.5669516462043 
876.1603751770493 916.7810534509915 
879.5788738879156 897.6374606701407 
875.8185253059628 878.8357177603766 
873.4255762083563 870.9731707253843 
919.2334589339637 851.8295779445335 
922.3101077737433 840.8903820697616 
936.6678023593814 839.8648324565017 
939.0607514569878 831.6604355504228 
967.0924408860907 825.8489877419503 
973.5875884367365 842.5996314251947 
991.7056316043274 844.6507306517144
864.8353730197815 876.6618577178713 
860.9740781004105 848.1447913114182 
852.8066491075623 844.3333244480891 
846.2727059132837 855.7677250380765 
840.55550561829 852.5007534409373 
814.5498701182539 862.4696529038266 
808.3426638143488 875.9635796514465 
793.2294658570146 871.1057660223033 
797.547522416253 857.6118392746835 
789.1812878327286 858.4214748795406 
773.7982113404419 850.5949973659211 
748.9693861248213 853.8335397853499 
741.1429086112018 858.1515963445883 
750.5886573345357 874.3443084417321 
739.5236374014875 876.7732152563037 
739.5236374014875 889.187627864114 
731.1574028179631 892.6960488184951 
725.7598321189151 882.9804215602088 
709.5671200217713 882.1707859553517 
701.7406425081517 892.9659273534476 
707.9478488120569 908.6188823806866 
702.8201566479613 923.4622018030685 
694.4502502476349 927.846351064744 
701.7938838517817 935.1899846688909 
693.4710991004154 946.695010648721 
696.6533403288789 955.2625831868924 
676.0911662372677 956.2417343341119 
679.7629830393412 969.7050626083812 
674.1328639428285 984.392329816675 
674.647196405143 998.6376204572789 
677.3048506263814 1010.6992819228993 
683.6423337693345 1012.743631323852 
676.6915458060956 1024.1919879691868 
678.3270253268577 1035.231474734331 
685.2778132900966 1038.0935638956646 
680.9846795480961 1051.1774000617613 
689.5709470320971 1065.692280808525 
710.4233109218139 1067.3277603292872 
729.0268904704828 1073.0519386519545 
718.3962735855292 1086.7490796383372 
708.3789615208614 1124.9784134361512 
713.309232595306 1129.0927732061268 
731.0870038604296 1127.6513322927383 
738.534448579603 1120.9246080302592 
754.8895861994916 1125.9984458031877 
764.6434245796888 1133.261942469292 
777.3026616263278 1132.6393570407688 
781.8682881021648 1141.5630815162683 
787.4715569588739 1132.0167716122455 
800.1307940055128 1130.3565438028504 
805.7340628622219 1136.789926564257 
812.9975595283262 1135.5447557072105 
819.8459992420817 1127.0360881840597 
832.7980870876738 1127.4219505965498 
835.796570603273 1120.7194580322691 
857.15658794256 1131.5382902093734 
861.0261719565306 1122.6935267488693 
849.9702176309005 1106.8005924057761 
857.4329868007009 1098.5086266615535 
875.5371120089201 1088.1436694812753 
877.8865023031165 1076.5349174393639 
865.9456933405517 1071.5878023024884 
855.2314300698293 1057.0470164350797 
847.0044064869534 1057.0470164350797 
830.9330115808699 1020.5037256367234 
852.1017762509942 1011.1108629936675 
864.7557513640776 999.8126709284145 
882.672391626451 992.4726719675455 
887.80680051426 986.275971585707 
897.5444725428632 994.0661092085896 
900.2965251749031 1082.951213074108 
908.7146152006248 1066.3701266598075 
941.8767880292257 1075.5534975969586
766.3965865570625 1148.1826341021706 
779.0946057400663 1159.1088366549877 
789.430202749488 1161.7665616002676 
805.0812496494693 1160.5853505134764 
807.4436718230514 1153.2027812210324 
836.0880406777343 1150.8403590474504 
836.0880406777343 1158.5182311115923 
847.0142432305515 1167.0820114908272
787.1591080789789 1172.0867070478741 
778.7410180532571 1185.0964825421713 
756.8029652589519 1174.637643419305 
752.4663734275196 1198.3613516736118 
744.8135643132271 1200.1470071336134 
732.569069730359 1176.1682052421636 
722.1102306074926 1182.0353588964545 
722.8755115189218 1191.9840107450348 
694.3050241588965 1197.0858834878964 
686.1420277703179 1177.953860702165 
668.7956604445882 1179.2293288878805 
666.7549113474436 1167.2399279421556 
688.1827768674625 1148.3629987935674 
694.5601177960395 1129.9962569192655 
702.9782078217613 1134.587942387841
864.1917456362605 1202.2293236966962 
841.5335231536403 1214.0371297791883 
841.2143932595188 1228.3979750146518 
849.1926406125542 1236.0570924735657 
842.1717829418831 1243.3970800383581 
844.7248220948544 1259.0344448503072 
853.6604591302539 1270.523121038678 
883.977799071788 1289.990044580084 
896.423864942523 1323.8178133569538 
928.3368543546641 1352.8586337220022 
959.6115839785624 1349.0290749925452 
965.6750519668692 1357.0073223455806 
957.3776747197126 1367.2194789574658 
964.0794024962621 1374.240336628137 
997.9071712731317 1381.8994540870506 
1012.1416312285687 1393.5412531728648 
1037.3338173865839 1402.7020481394156 
1044.204413611497 1411.0994435254206 
1042.6776144504051 1428.9121004048252 
1029.9542881079733 1426.8763681900361 
1023.847091463606 1411.8628431059665 
1006.5433676378988 1410.844976998572 
1001.454037100926 1402.7020481394156 
984.1503132752188 1420.5147050188202 
985.422645909462 1441.635426747257 
1004.253168896261 1449.5238890795647 
1006.0344345842014 1470.8990773348503 
990.7664429732832 1474.9705417644284 
989.7485768658887 1492.019799063287 
978.2975831577 1503.9797258251729 
976.261850942911 1514.6673199528157 
964.8108572347223 1516.4485856407562 
960.9938593319928 1504.2341923520216 
967.3555225032087 1484.6402697846765 
977.5341835771542 1477.7696735597633 
967.3555225032087 1450.5417551869593 
958.1947275366578 1430.6933660927657 
934.0204074860374 1424.3317029215498 
930.4578761101563 1407.7913786763884 
916.2077506066328 1406.5190460421452 
902.9754912105036 1399.9029163440805 
892.7968301365581 1383.6170586257679 
874.4752402034563 1385.3983243137084 
866.3323113443 1377.5098619814005 
855.6447172166572 1376.2375293471573 
842.6669243473767 1359.6972051019961 
832.2337967465827 1352.826608877083 
825.1087339948208 1340.866682115197 
809.0773428033567 1340.3577490614996 
810.8586084912972 1330.9424875681002 
793.8093511924385 1315.674495957182 
787.4476880212227 1293.0269750676532 
783.0509497025259 1275.7382737210276 
769.0318156924649 1272.6229106076808 
744.3685243784685 1258.3441630048405 
733.4647534817543 1261.1999125254088 
722.0417553994823 1278.5940232415956 
703.6091903121797 1283.7862950971737 
707.7630077966423 1267.4306387521024 
696.3400097143704 1265.61334360265 
685.9554660032139 1251.33459599981 
692.4458058226867 1239.6519843247593 
684.6573980393194 1238.6135299536436 
679.7247397765201 1225.892463907477 
693.7438737865813 1223.036714386909 
695.5611689360336 1215.2483066035418 
685.9554660032139 1201.4887861862596
950.2052000763556 1521.7908347874404 
945.6517786533516 1534.915402418452 
955.2943181373602 1553.3969364294685 
948.0624135243537 1567.0572006984805 
904.403137527315 1555.8075713004705 
885.9216035162987 1540.5402171174571 
859.9403165732756 1532.7726158664502 
857.5296817022735 1517.7731100024369 
867.7079178242825 1510.8090537084306 
873.868429161288 1515.0946268124344 
884.3145136022972 1505.452087328426 
900.9211093803119 1515.630323450435 
929.3130311943371 1511.8804469844317 
931.7236660653392 1505.9877839664264
762.6755761718873 1475.8118080265615 
748.5533478974487 1472.1907238536287 
744.5701553072224 1482.6918679551343 
731.5342522846638 1482.6918679551343 
722.4815418523315 1472.552832270922 
731.5342522846638 1447.2052430603912 
726.1026260252644 1437.066207376179 
728.6373849463174 1420.4092201806873 
719.2225660966918 1412.0807265829415 
721.0331081831582 1398.6827151430896 
736.9658785440632 1401.5795824814359 
747.1049142282756 1385.2847037032377 
758.3302751643677 1384.1983784513577 
765.5724435102336 1391.802655214517 
773.5388286906862 1422.2197622671538 
766.2966603448202 1428.0134969438466 
770.6419613523398 1435.6177737070059 
769.1935276831666 1456.9821703273103
760.227564546605 1369.6020988835726 
758.5009904003899 1357.3434224454459 
765.5799443998715 1353.8902741530158 
762.644768351306 1316.078300350907 
757.119731083418 1315.2150132777995 
755.2204995225815 1326.092430398954 
740.0266470358893 1331.962782496085 
733.9836375241367 1348.5378942997493 
738.8180451335387 1360.2785984940115 
739.8539896212677 1373.2279045906241
684.4043636511162 1293.1185149545188 
677.601866660634 1307.695294219838 
652.0925029463257 1310.8535963939903 
629.9843877272584 1293.1185149545188 
602.064560727587 1285.801910447923 
574.1668941184879 1300.7470889885121 
568.686995320272 1325.1575472714737 
550.2546084535458 1331.1356186877094 
502.43003712366146 1305.2306425506886 
490.97206690921 1312.2050592029634 
440.6566324892276 1289.7872913920803 
431.68952536487427 1271.354904525354 
442.6493229613061 1266.3731783451576 
460.5835372100127 1192.6436308782527 
465.9596173561153 1183.816580942777 
459.0623141695763 1172.2000703128165 
465.9596173561153 1160.583559682856 
449.26088332554724 1150.782128838827 
439.0964365243319 1116.2956129061322 
428.2059578087441 1101.0489427043092 
395.8975376191668 1086.5283044168589 
381.37689933171634 1074.185761872526 
389.3632503898141 1069.1035384719182 
383.19197911764763 1053.493852312909 
428.0477429596444 1048.9142702341212 
439.957837928048 1063.0575080091005 
471.2218372201073 1066.7794126867266 
471.9662181556326 1038.4929371367682 
464.52240880038033 1019.8834137486375 
480.8987893819353 1022.8609374907385 
483.1319321885109 1035.5154133946673 
519.6065980292468 1040.7260799433438 
516.629074287146 1027.3272231038898 
545.6599307726297 1025.8384612328393 
558.7542466642784 1015.6608263035229 
563.2151269646594 984.9922742384039 
586.0771385041118 980.5313939380229 
601.9690245742188 994.7504498954871 
603.9206597056356 1006.4602606839871 
612.8424203063975 1013.7091911721062 
623.715816038576 1014.5456062284277 
624.8310361136712 1027.091832073249 
634.0316017332069 1030.9951023360825 
642.1169472776475 1023.1885618104158 
645.1838024841593 1037.1288127491061 
658.2876383665284 1047.723403462511 
669.161034098707 1048.2810135000586
675.5755746895171 894.3311029340217 
659.4520433548192 906.7338193453278 
668.4440127530161 923.1674185903082 
654.4909567902969 934.949999181049 
656.9715000725581 919.7566715771991 
648.5996664949265 910.4546342687196 
640.227832917295 929.0587088856786 
630.3056597882501 946.7325797717896 
642.7083761995561 954.7943454391385 
621.3136903900532 954.7943454391385 
609.5311097993126 967.5071297607271 
620.3834866592053 974.6386916972281 
642.0882403789909 968.4373334915751 
652.3204814183183 976.1890312486413 
662.5527224576458 978.6695745309025 
664.7231978296243 997.2736491478615
667.6814161944001 1025.290918053272 
663.4840928627746 1037.2832704293448
571.7671696497684 1351.5682120804777 
546.4619617683387 1365.0934093964142 
537.7360280161216 1375.128233211464 
495.85154600547935 1382.1089802132376 
492.7974691922033 1395.1978808415633 
484.50783212759706 1398.6882543424501 
451.3492838691719 1437.9549562274274 
465.3107778727193 1469.80461442302 
442.6233501169548 1482.8935150513455 
428.22555942579646 1513.4342831841057 
401.17516479392333 1515.179469934549 
379.3603304133805 1542.229864566422 
311.73434383369766 1531.3224473761506 
296.9002564549285 1538.7394910655353 
275.52035926779047 1539.0281323246716 
258.29112576502473 1550.1553456285412 
242.4976617208228 1540.1049594185945 
235.67775679264471 1503.1338958605763 
211.98756072634183 1489.853028368861 
211.26967599705992 1467.598601761122 
227.06314004126185 1453.240907175484 
223.47371639485232 1436.729558402 
236.39564152192662 1423.8076332749258 
239.26718043905424 1412.6804199710562 
230.65256368767137 1390.0670509986762 
245.36920063795043 1393.2975322804448 
252.54804793076948 1367.0947396616552 
262.2394917760752 1345.917140147839 
260.8037223175114 1334.7899268439696 
283.4170912898914 1328.3289642804323 
278.75084054955903 1305.3566529434113 
231.0115060523123 1300.3314598384381 
232.44727551087612 1286.332707617441 
211.6286183617009 1290.9989583577733 
217.73063856059707 1266.5908775621886 
209.8339065384961 1241.4649120373217 
241.061892262259 1236.0807765677075 
254.7017021186152 1223.517793805274 
272.64882035066285 1228.1840445456066 
277.67401345563616 1238.2344307555531 
315.3629617429362 1241.4649120373217 
350.89825584239054 1261.2067420925741 
381.0494144722306 1259.7709726340104 
414.4310543838392 1272.6928977610846
194.1503601345078 1496.4031173091191 
156.46141184720776 1483.588874891437 
176.8134439223498 1428.939899874852 
165.12986995328677 1426.301673494741 
165.12986995328677 1412.733652111313 
157.21519081295378 1413.864320559932 
169.2756542648898 1388.612725207441 
192.2659127201428 1362.6073508892039 
208.47216048368182 1328.310407947761 
205.45704462069781 1309.842823286984
370.89236409314015 990.1761880234161 
425.26006356288 993.2305531621655 
441.7536353121269 976.1261083851687 
477.1842709216203 980.4022195794179 
484.5147472546189 988.3435689401664 
525.4432401138612 987.1218228846667 
557.2086375568553 973.6826162741692 
558.6951699315164 964.8926447684403 
537.0979026549097 959.3390617544557 
565.79141489383 939.284456426178 
573.1989441799337 912.3915466994554 
550.5255057203589 898.9936057915248 
539.7040919101072 908.269103343169 
534.5510377147492 897.9629949524532 
541.2500081687145 886.11097030313 
528.3673726803197 834.5804283495506 
509.8163775770311 822.2130982806916 
511.8775992551743 788.7182460108651 
492.81129873234994 768.1060292294334 
474.7756090485972 765.0141967122186 
478.8980524048835 752.1315612238237 
494.8725204104931 746.9785070284659 
518.5765697091396 712.4530439195677 
514.4783309142472 701.629402217322 
469.0673062328564 700.5307483943851 
471.99704976068807 686.2482486962058 
495.80121592432033 673.4306207619422 
506.0553182717311 647.0629290114573 
497.9599743132489 639.6036477925701 
489.4791377853151 659.6492614040499 
469.0480316043838 660.0347539735014 
456.3267768124832 651.9394100150192 
438.59411861771264 680.0803675849812 
431.26975979813346 703.5954143215248 
424.7163861174574 685.8627561267542 
413.15160903391137 680.8513527238842 
433.19722264539115 653.8668728622769 
409.68217590884757 659.2637688345983 
404.6707725059776 673.5269939043051 
395.8044434085923 681.2368452933358 
392.33501028352845 703.9809068909764 
405.0562650754291 688.9466966823665 
424.33089354800586 714.7746988356192 
411.99513132555677 737.5187604332598 
433.19722264539115 733.278342169293 
420.86146042294206 756.407896336385 
436.66665577045495 761.4192997392549 
440.90707403442184 779.1519579340255 
425.48737125636046 798.4265864066023 
428.95680438142426 811.1478411985029 
451.70086597906476 811.1478411985029 
470.2045093127384 805.7509452261813 
457.4832545208378 820.0141702958881 
467.12056875712614 854.3230089770747 
460.9526876459016 868.971726616233 
440.13608889551875 868.971726616233 
430.11328208977886 861.2618752272023 
423.07245586496526 867.4073867041669 
430.63654864848996 876.8113939485489 
417.55271248239313 884.579921672169 
432.6808980494426 886.4198361330264 
430.02324382820416 907.4766349628384 
398.5402630535337 916.6762072671252 
401.40235221486734 931.3955229539841 
417.34827754229786 928.5334337926505 
420.21036670363156 938.9596157375088 
436.15629203106204 947.5458832215098 
458.23526556135045 942.0261398389378 
446.7869089160157 955.7232808253203 
437.38290167163365 957.767630226273 
417.1438426022026 951.6345820234151 
406.1043558370584 957.9720651663682 
403.44670161581996 971.6692061527509 
391.1806052101042 972.8958157933224
380.3835265872713 772.9738380230854 
358.5817753625474 788.2051984677555 
355.8938882252527 815.0840698407029 
369.0346697853602 821.6544606207567 
373.5144816808515 811.5002203243099 
380.0848724609052 810.3056038188456 
384.26603023003037 825.5369642635158 
395.557355560023 830.8825538644977 
411.03667535871847 823.14289396515 
416.4544372882619 816.177200055737 
409.7467320421605 805.5996648599618 
406.908856745733 785.7345377849692 
389.62361630385635 782.122696498607 
381.3679790778854 784.7025831317229
391.15734899599084 850.6107530923131 
352.071074134075 777.4524444319096 
339.0777521793735 790.4457663866111 
348.2321381020041 800.7813633960328 
327.5609440831608 808.7545382318723 
313.68171381336595 797.5330329073574 
300.9836946303622 809.9357493186634 
312.79580549827267 819.090135241294 
296.5541530548958 830.311640565809 
305.11793343413086 841.2378431186262 
319.2924664756234 844.7814763789993 
305.11793343413086 856.298284475212 
291.82930870773157 865.7479731695404 
291.53400593603385 878.1506895808463 
274.9970507209592 877.5600840374509 
272.3393257756793 892.0299198506411 
282.674922785101 898.2312780562942 
287.39976713226514 910.0433889242047 
314.5676221284593 911.5199027826934 
323.72200805108986 902.3655168600628 
330.5139718001384 906.7950584355293 
347.34622978691084 898.8218835996897 
373.92347923970937 901.1843057732718 
382.48725961894445 879.3319006676375 
390.16513168308626 874.3117535487754
